0
2
5
9
11
12
14
15
17
18
19
20
21
22
30
31
33
34
36
39
44
46
48
49
50
51
53
54
56
59
60
62
63
65
70
72
73
74
75
76
81
82
85
88
89
90
91
93
99
100
101
104
105
106
111
112
113
115
117
119
121
122
123
127
128
129
130
135
136
142
143
145
148
149
151
154
155
156
158
160
163
164
165
167
168
172
173
174
175
176
178
180
183
186
189
192
193
197
198
200
202
204
208
211
213
214
216
220
221
222
223
224
227
228
230
231
232
234
235
238
242
243
246
248
249
250
253
258
259
260
269
270
273
276
278
286
287
288
289
292
293
295
297
298
299
300
302
303
304
307
308
311
314
320
321
324
327
328
332
333
334
336
337
340
341
344
345
349
352
353
355
358
363
364
366
367
368
374
376
378
384
386
390
399
400
403
404
406
409
410
412
414
416
419
423
424
425
426
427
431
434
435
441
445
447
451
453
454
455
456
458
462
467
468
471
473
476
477
479
484
485
486
491
494
496
498
499
501
503
505
509
510
511
513
514
517
520
533
535
537
538
540
543
544
545
546
547
549
550
553
554
556
570
571
574
575
582
584
585
587
589
590
593
596
598
603
604
605
606
609
610
611
612
614
615
623
626
628
631
632
633
634
638
639
640
641
642
644
648
649
653
654
656
663
666
669
670
671
679
681
682
684
685
686
691
692
693
696
698
699
703
704
707
709
711
712
714
715
717
718
721
722
723
724
731
736
739
742
743
744
746
751
752
755
757
759
763
767
768
769
770
771
772
773
774
775
777
780
782
786
787
788
790
791
793
795
798
800
808
809
810
812
814
815
816
817
818
822
823
827
830
831
832
835
836
837
839
840
842
844
845
846
847
849
850
852
857
859
860
861
863
866
867
870
871
872
874
876
877
878
880
881
882
885
887
888
889
890
891
892
893
895
896
897
900
902
906
908
911
912
913
914
915
920
921
924
930
931
933
936
939
941
945
946
948
950
951
956
958
966
967
972
978
982
985
986
987
988
993
996
998
999
1004
1005
1007
1009
1017
