3
10
11
17
21
27
28
41
46
52
76
83
84
85
87
97
103
121
123
129
134
135
144
147
149
153
163
167
168
174
180
182
185
197
198
207
209
212
217
224
233
234
235
258
265
268
275
283
293
294
298
301
304
305
306
311
312
322
326
337
344
345
349
350
352
357
360
372
373
375
377
384
388
390
401
404
409
423
427
435
441
444
445
447
451
459
469
493
497
502
503
504
505
510
511
520
522
525
538
540
548
554
567
572
589
591
593
598
606
607
629
635
642
643
656
660
667
676
685
686
687
689
702
713
714
721
731
739
740
743
744
751
752
754
756
778
782
792
796
803
807
809
820
823
834
840
849
850
856
857
860
861
865
867
879
883
886
900
915
928
931
937
938
940
943
945
954
960
968
973
974
975
982
983
1008
1012
1016
