0
2
3
7
8
10
14
15
17
20
21
26
28
29
30
33
38
41
45
47
49
51
53
54
57
58
60
62
66
68
69
70
72
73
76
78
79
82
84
87
89
91
93
94
96
97
99
100
105
108
109
113
114
116
120
121
125
127
129
130
131
132
134
136
139
142
148
150
151
154
157
158
159
164
165
167
169
170
171
172
174
176
177
180
183
185
189
190
192
193
194
196
197
199
203
205
210
213
219
220
222
223
224
225
231
232
233
237
245
246
247
249
251
255
257
258
259
264
269
271
272
273
274
276
277
281
285
287
293
294
295
297
298
302
305
306
307
308
311
313
315
316
318
320
321
324
328
330
334
335
336
337
339
343
344
346
348
349
350
351
353
354
355
364
381
394
397
398
400
402
403
405
406
407
410
411
412
415
416
419
421
423
424
425
426
428
429
430
431
433
434
435
437
438
442
444
445
447
452
453
454
458
459
461
462
463
465
468
471
473
474
478
479
481
482
488
490
491
495
497
499
500
501
503
505
506
508
510
511
513
517
518
519
523
526
529
531
532
535
540
542
544
547
551
552
553
555
559
560
561
564
567
569
570
572
573
574
575
576
577
580
581
582
583
584
589
593
595
599
600
601
606
609
610
611
612
615
621
623
626
628
631
633
634
638
641
642
645
646
656
658
660
662
663
664
669
671
673
683
684
689
693
694
697
699
700
702
704
705
711
721
722
724
726
729
730
731
732
737
741
742
748
751
754
755
756
758
759
765
766
767
768
770
771
774
776
777
778
785
787
790
791
792
793
794
795
798
801
817
818
823
824
825
826
828
829
831
832
837
840
844
849
853
855
856
860
861
864
868
869
871
878
879
883
886
890
891
895
896
897
899
902
903
906
911
912
917
922
924
926
928
930
934
935
941
946
947
949
951
952
957
958
959
960
961
966
968
969
971
972
974
977
978
980
981
984
986
987
988
992
994
998
999
1003
1004
1007
1008
1010
1012
1013
1014
1015
1016
