13
15
21
23
24
29
39
46
61
76
108
123
125
128
132
145
147
149
152
157
162
165
170
193
198
201
208
219
231
247
248
251
254
257
261
274
276
277
283
292
293
315
316
352
353
355
356
376
381
410
417
422
427
435
447
452
469
472
483
486
492
499
502
527
532
543
585
606
608
610
618
628
634
635
648
653
655
657
659
664
670
676
681
688
698
712
731
734
737
748
758
769
771
773
775
787
790
796
804
805
809
818
838
842
858
865
884
885
895
906
907
913
915
919
921
924
927
931
950
956
971
982
985
989
996
997
998
1004
1010
1011
1015
1019
