0
1
5
6
10
12
16
19
24
25
33
35
41
42
45
49
52
55
57
59
60
61
62
65
66
67
68
69
70
71
76
81
83
87
91
93
94
95
99
102
104
106
109
111
112
117
118
119
120
121
124
126
127
128
130
134
136
138
139
145
147
148
153
154
155
161
165
168
169
173
174
175
177
179
180
187
189
191
193
194
195
198
199
200
201
206
207
208
209
210
212
213
216
219
220
222
224
226
229
232
233
236
239
240
249
250
252
254
256
258
260
262
265
267
272
275
276
279
290
291
292
300
301
302
315
326
327
337
339
344
345
348
349
353
357
358
363
365
369
379
380
382
386
387
389
396
397
399
401
402
403
404
405
406
407
409
412
414
418
419
422
423
425
434
436
444
445
448
451
454
457
458
461
467
470
471
473
475
477
478
481
484
485
491
500
501
502
520
525
526
530
538
541
543
545
547
549
550
553
556
560
562
564
566
569
570
571
572
579
581
583
585
587
594
596
597
600
603
604
609
610
611
612
615
616
626
627
638
639
646
650
657
664
665
666
669
675
676
680
682
684
688
689
690
692
696
705
710
712
715
716
718
719
721
722
724
725
726
727
728
734
735
736
737
741
742
747
751
754
759
761
763
764
770
771
772
773
775
778
783
787
788
790
791
793
801
802
805
807
810
811
814
815
819
821
822
823
824
828
830
832
833
835
836
838
843
847
848
855
858
859
862
866
873
876
877
882
887
888
890
891
894
895
896
901
902
903
905
908
909
910
913
914
917
918
920
921
923
926
931
935
936
938
939
947
954
959
966
969
970
972
976
979
980
981
983
991
993
994
995
996
998
1000
1002
1009
1011
1012
1016
1018
1021
1023
