0
1
2
6
7
10
13
15
18
19
20
26
27
30
31
32
33
38
41
43
48
54
62
64
75
79
80
81
84
86
88
89
90
91
92
95
99
100
103
104
105
109
113
115
121
123
128
137
139
141
142
146
152
155
160
162
163
164
168
171
172
178
182
185
188
189
190
204
205
206
224
227
229
230
237
243
244
245
248
250
251
255
257
259
262
264
266
267
268
269
275
282
283
286
295
297
298
304
310
313
314
319
321
326
327
328
335
337
341
347
348
349
352
353
355
363
365
366
367
374
375
380
385
387
395
396
400
409
412
416
419
425
426
427
436
441
447
450
452
453
454
455
460
464
466
471
475
480
481
483
486
487
488
492
501
507
509
510
512
517
520
521
523
524
529
530
531
532
535
537
541
542
547
553
555
556
559
563
564
569
570
583
593
596
598
600
607
608
610
614
615
620
624
625
629
630
633
635
643
645
647
651
652
655
656
661
665
668
669
671
678
679
680
682
686
687
690
693
698
700
704
705
713
715
716
717
718
721
722
727
728
730
731
737
739
746
749
752
754
760
762
763
764
765
767
771
774
778
784
789
791
792
793
794
797
799
800
802
803
807
815
817
818
821
822
824
827
841
848
849
852
855
856
859
860
861
864
865
866
874
876
879
880
882
890
892
896
897
901
903
905
907
909
910
913
914
923
925
928
929
931
932
935
939
942
945
951
954
955
957
961
962
963
967
970
974
977
978
988
993
994
996
999
1002
1003
1005
1011
1020
1023
