3
6
7
16
24
26
28
51
55
57
58
59
70
81
97
129
135
137
140
143
150
154
167
174
180
189
191
192
193
203
222
233
249
258
273
279
281
285
300
304
305
320
338
344
361
376
382
405
408
410
414
419
429
443
445
459
460
464
471
473
482
488
490
497
511
514
518
521
522
523
527
545
553
554
555
557
560
563
568
574
576
588
591
603
610
611
612
629
636
641
643
650
655
656
658
664
667
668
670
691
699
721
734
744
748
754
773
811
814
816
817
832
842
843
859
862
874
875
876
878
879
884
888
889
910
915
916
918
926
930
933
938
940
942
945
965
967
971
974
978
979
980
983
984
985
1005
1006
1010
1018
1020
