0
2
3
4
6
7
8
13
16
17
20
22
23
24
26
30
31
34
38
40
41
44
46
47
48
51
52
53
58
60
62
66
67
68
70
73
77
78
79
80
81
82
86
87
88
90
91
101
106
109
110
111
113
114
115
116
119
122
125
126
131
133
134
135
139
141
145
149
151
153
154
155
156
157
160
167
171
177
180
182
183
184
185
188
189
193
195
197
201
202
205
207
209
212
213
214
215
220
221
223
226
230
235
236
239
241
243
249
250
258
259
260
262
263
266
267
268
270
271
274
276
288
290
291
292
293
295
297
299
300
303
304
306
307
309
310
311
312
318
322
324
325
326
329
331
332
333
334
335
336
337
340
341
347
348
350
351
354
356
357
359
362
369
374
375
378
381
384
387
388
391
396
397
398
399
401
402
403
404
406
408
410
412
419
420
422
427
434
441
442
443
445
446
451
452
453
456
458
460
461
464
468
469
472
473
478
481
482
483
485
487
491
494
496
498
507
508
513
515
516
520
524
526
527
529
533
534
536
539
540
541
542
544
547
548
555
556
557
558
559
560
564
571
573
574
576
581
586
588
591
592
595
596
597
598
603
604
606
607
609
611
617
618
620
621
625
628
629
633
634
635
636
638
642
645
646
650
653
654
655
656
659
661
673
675
677
682
684
685
687
688
689
690
693
694
698
700
701
704
707
710
711
714
715
717
718
720
723
724
727
731
732
733
736
741
745
747
764
765
767
769
770
772
773
779
780
783
786
788
789
791
792
793
794
799
801
802
804
807
808
809
810
811
812
814
818
820
821
824
825
827
828
829
830
831
832
835
836
838
839
840
841
842
846
848
853
855
856
859
861
864
865
866
867
870
872
873
874
877
879
881
882
883
884
890
891
893
894
895
899
901
903
904
905
908
910
911
924
925
926
927
930
933
934
936
938
940
942
943
945
947
949
950
952
953
956
957
959
962
967
971
973
975
976
977
979
980
982
986
992
994
997
1000
1003
1005
1009
1013
1015
1016
1017
1021
